taxsim_id year state fiitax siitax fica frate srate ficar
11. 2017 34 -70.01 178.72 1836.00 17.65 5.50 15.30
21. 2017 34 320.00 357.44 3672.00 10.00 5.50 15.30
31. 2017 34 -7180.06 217.42 3978.00 21.06 5.50 15.30
41. 2017 34 -2500.46 1147.26 6426.00 31.06 5.50 15.30
51. 2017 34 -946.90 1229.74 6120.00 36.06 5.50 15.30
12. 2017 34 -6.47 198.51 1891.08 17.65 5.50 15.30
22. 2017 34 392.00 397.03 3782.16 10.00 5.50 15.30
32. 2017 34 -7015.79 260.31 4097.34 21.06 5.50 15.30
42. 2017 34 -2109.10 1216.54 6618.78 31.06 5.50 15.30
52. 2017 34 -514.18 1295.73 6303.60 36.06 5.50 15.30
13. 2017 34 58.98 218.90 1947.81 17.65 5.50 15.30
23. 2017 34 466.16 437.81 3895.62 10.00 5.50 15.30
33. 2017 34 -6846.59 304.49 4220.26 21.06 5.50 15.30
43. 2017 34 -1706.01 1287.91 6817.34 31.06 5.50 15.30
53. 2017 34 -68.48 1363.70 6492.71 36.06 5.50 15.30
14. 2017 34 126.39 239.91 2006.25 17.65 5.50 15.30
24. 2017 34 542.54 479.81 4012.49 10.00 5.50 15.30
34. 2017 34 -6672.32 349.99 4346.87 21.06 5.50 15.30
44. 2017 34 -1290.82 1361.42 7021.86 31.06 5.50 15.30
54. 2017 34 390.59 1433.70 6687.49 36.06 5.50 15.30
15. 2017 34 195.82 261.54 2066.43 17.65 5.50 15.30
25. 2017 34 621.22 523.08 4132.87 10.00 5.50 15.30
35. 2017 34 -6456.50 396.86 4477.27 31.06 5.50 15.30
45. 2017 34 -863.17 1437.13 7232.52 31.06 5.50 15.30
55. 2017 34 860.55 1505.81 6888.11 15.00 5.50 15.30
16. 2017 34 267.33 283.82 2128.43 17.65 5.50 15.30
26. 2017 34 702.26 567.64 4256.85 10.00 5.50 15.30
36. 2017 34 -6183.82 445.14 4611.59 31.06 5.50 15.30
46. 2017 34 -365.72 1515.11 7449.50 36.06 5.50 15.30
56. 2017 34 1063.14 1580.08 7094.76 15.00 5.50 15.30
17. 2017 34 340.99 306.77 2192.28 17.65 5.50 15.30
27. 2017 34 785.73 613.54 4384.56 10.00 5.50 15.30
37. 2017 34 -5902.97 494.86 4749.94 31.06 5.50 15.30
47. 2017 34 161.00 1595.43 7672.98 36.06 5.50 15.30
57. 2017 34 1271.81 1656.58 7307.60 15.00 5.50 15.30
18. 2017 34 416.86 330.41 2258.05 17.65 5.50 15.30
28. 2017 34 871.70 660.81 4516.10 10.00 5.50 15.30
38. 2017 34 -5613.69 546.07 4892.44 31.06 5.50 15.30
48. 2017 34 480.71 1678.17 7903.17 15.00 5.50 15.30
58. 2017 34 1486.74 1735.37 7526.83 15.00 5.50 15.30
19. 2017 34 480.12 354.75 2325.79 10.00 5.50 15.30
29. 2017 34 960.25 709.51 4651.58 10.00 5.50 15.30
39. 2017 34 -5315.73 598.83 5039.21 31.06 5.50 15.30
49. 2017 34 713.15 1763.38 8140.26 15.00 5.50 15.30
59. 2017 34 1708.12 1816.53 7752.63 15.00 5.50 15.30
110. 2017 34 525.73 379.83 2395.56 10.00 5.50 15.30
210. 2017 34 1051.46 759.66 4791.13 10.00 5.50 15.30
310. 2017 34 -5008.83 653.16 5190.39 31.06 5.50 15.30
410. 2017 34 952.57 1851.15 8384.47 15.00 5.50 15.30
510. 2017 34 1936.14 1900.12 7985.21 15.00 5.50 15.30
111. 2017 34 572.70 405.66 2467.43 10.00 5.50 15.30
211. 2017 34 1145.40 811.32 4934.86 10.00 5.50 15.30
311. 2017 34 -4692.73 709.13 5346.10 31.06 5.50 15.30
411. 2017 34 1199.17 1941.56 8636.01 15.00 5.50 15.30
511. 2017 34 2171.00 1986.22 8224.77 15.00 5.50 15.30
112. 2017 34 621.08 432.27 2541.45 10.00 5.50 15.30
212. 2017 34 1242.16 864.53 5082.91 10.00 5.50 15.30
312. 2017 34 -4367.14 766.77 5506.48 31.06 5.50 15.30
412. 2017 34 1453.17 2034.67 8895.09 15.00 5.50 15.30
512. 2017 34 2412.90 2074.90 8471.51 15.00 5.50 15.30
113. 2017 34 670.91 459.67 2617.70 10.00 5.50 15.30
213. 2017 34 1341.83 919.34 5235.39 10.00 5.50 15.30
313. 2017 34 -4031.78 826.14 5671.68 31.06 5.50 15.30
413. 2017 34 1714.79 2130.58 9161.94 15.00 5.50 15.30
513. 2017 34 2662.07 2166.24 8725.66 15.00 5.50 15.30
114. 2017 34 722.24 487.89 2696.23 10.00 5.50 15.30
214. 2017 34 1444.48 975.79 5392.46 10.00 5.50 15.30
314. 2017 34 -3686.37 887.30 5841.83 31.06 5.50 15.30
414. 2017 34 1984.26 2229.37 9436.80 15.00 5.50 15.30
514. 2017 34 2918.70 2260.33 8987.43 15.00 5.50 15.30
115. 2017 34 775.11 516.97 2777.11 10.00 5.50 15.30
215. 2017 34 1550.22 1033.93 5554.23 10.00 5.50 15.30
315. 2017 34 -3330.59 950.29 6017.08 31.06 5.50 15.30
415. 2017 34 2261.82 2331.12 9719.90 15.00 5.50 15.30
515. 2017 34 3183.04 2357.23 9257.05 15.00 5.50 15.30
116. 2017 34 829.56 546.91 2860.43 10.00 5.50 15.30
216. 2017 34 1659.12 1093.82 5720.86 10.00 5.50 15.30
316. 2017 34 -2964.14 1065.16 6197.59 31.06 5.50 15.30
416. 2017 34 2547.69 2435.93 10011.50 15.00 5.50 15.30
516. 2017 34 3455.30 2457.05 9534.76 15.00 5.50 15.30
117. 2017 34 885.65 577.75 2946.24 10.00 5.50 15.30
217. 2017 34 1771.30 1155.50 5892.48 10.00 5.50 15.30
317. 2017 34 -2586.69 1131.99 6383.52 31.06 5.50 15.30
417. 2017 34 2842.15 2543.87 10311.84 15.00 5.50 15.30
517. 2017 34 3735.74 2559.85 9820.80 15.00 5.50 15.30
118. 2017 34 948.88 609.52 3034.63 15.00 5.50 15.30
218. 2017 34 1897.75 1219.04 6069.26 15.00 5.50 15.30
318. 2017 34 -2197.92 1200.82 6575.03 31.06 5.50 15.30
418. 2017 34 3145.44 2655.06 10621.20 15.00 5.50 15.30
518. 2017 34 4024.59 2665.74 10115.43 15.00 5.50 15.30
119. 2017 34 1038.13 642.24 3125.67 15.00 5.50 15.30
219. 2017 34 2076.26 1284.48 6251.33 15.00 5.50 15.30
319. 2017 34 -1797.49 1271.71 6772.28 31.06 5.50 15.30
419. 2017 34 3457.83 2769.58 10939.83 15.00 5.50 15.30
519. 2017 34 4322.10 2774.81 10418.89 15.00 5.50 15.30
120. 2017 34 1130.06 675.94 3219.44 15.00 5.50 15.30
220. 2017 34 2260.12 1351.88 6438.87 15.00 5.50 15.30
320. 2017 34 -1385.04 1344.73 6975.45 31.06 5.50 15.30
420. 2017 34 3779.59 2887.54 11268.03 15.00 5.50 15.30
520. 2017 34 4628.54 2887.15 10731.46 15.00 5.50 15.30
121. 2017 34 1224.75 710.65 3316.02 15.00 5.50 15.30
221. 2017 34 2449.50 1421.31 6632.04 15.00 5.50 15.30
321. 2017 34 -960.23 1419.94 7184.71 31.06 5.50 15.30
421. 2017 34 4111.00 3009.03 11606.07 15.00 5.50 15.30
521. 2017 34 4944.17 3002.86 11053.40 15.00 5.50 15.30
122. 2017 34 1322.28 746.41 3415.50 15.00 5.50 15.30
222. 2017 34 2644.56 1492.82 6831.00 15.00 5.50 15.30
322. 2017 34 -481.78 1497.41 7400.25 36.06 5.50 15.30
422. 2017 34 4452.36 3134.17 11954.25 15.00 5.50 15.30
522. 2017 34 5480.45 3122.04 11385.00 25.00 5.50 15.30
123. 2017 34 1422.74 783.24 3517.97 15.00 5.50 15.30
223. 2017 34 2845.47 1566.47 7035.93 15.00 5.50 15.30
323. 2017 34 41.46 1577.20 7622.26 36.06 5.50 15.30
423. 2017 34 4803.95 3263.07 12312.88 15.00 5.50 15.30
523. 2017 34 6120.74 3244.80 11726.55 30.00 5.50 15.30
124. 2017 34 1526.21 821.17 3623.50 15.00 5.50 15.30
224. 2017 34 3052.41 1642.34 7247.01 15.00 5.50 15.30
324. 2017 34 429.49 1659.39 7850.93 15.00 5.50 15.30
424. 2017 34 5166.10 3395.83 12682.27 15.00 5.50 15.30
524. 2017 34 6810.54 3371.24 12078.35 30.00 5.50 15.30
125. 2017 34 1632.78 860.24 3732.21 15.00 5.50 15.30
225. 2017 34 3265.56 1720.48 7464.42 15.00 5.50 15.30
325. 2017 34 660.40 1744.04 8086.45 15.00 5.50 15.30
425. 2017 34 5539.10 3532.58 13062.73 15.00 5.50 15.30
525. 2017 34 7521.03 3701.47 12440.70 30.00 5.50 15.30
126. 2017 34 1742.55 900.48 3844.18 15.00 5.50 15.30
226. 2017 34 3485.10 1800.96 7688.35 15.00 5.50 15.30
326. 2017 34 898.23 1831.23 8329.05 15.00 5.50 15.30
426. 2017 34 5923.30 3673.42 13454.62 15.00 5.50 15.30
526. 2017 34 8252.84 3835.61 12813.92 30.00 5.50 15.30
127. 2017 34 1855.61 941.93 3959.50 15.00 5.50 15.30
227. 2017 34 3711.23 1883.86 7919.00 15.00 5.50 15.30
327. 2017 34 1143.21 1921.04 8578.92 15.00 5.50 15.30
427. 2017 34 6319.02 3818.50 13858.26 15.00 5.50 15.30
527. 2017 34 9006.60 3973.78 13198.34 30.00 5.50 15.30
128. 2017 34 1972.07 984.62 4078.29 15.00 5.50 15.30
228. 2017 34 3944.14 1969.24 8156.57 15.00 5.50 15.30
328. 2017 34 1395.53 2013.54 8836.29 15.00 5.50 15.30
428. 2017 34 6726.62 3967.92 14274.00 15.00 5.50 15.30
528. 2017 34 9782.97 4116.09 13594.29 30.00 5.50 15.30
129. 2017 34 2092.02 1028.60 4200.64 15.00 5.50 15.30
229. 2017 34 4184.04 2057.19 8401.27 15.00 5.50 15.30
329. 2017 34 1655.42 2108.82 9101.38 15.00 5.50 15.30
429. 2017 34 7146.44 4121.83 14702.22 15.00 5.50 15.30
529. 2017 34 10582.63 4262.67 14002.12 30.00 5.50 15.30
130. 2017 34 2215.57 1073.89 4326.65 15.00 5.50 15.30
230. 2017 34 4431.14 2147.78 8653.31 15.00 5.50 15.30
330. 2017 34 1923.11 2206.95 9374.42 15.00 5.50 15.30
430. 2017 34 7578.86 4280.35 15143.29 15.00 5.50 15.30
530. 2017 34 11406.29 4413.64 14422.18 30.00 5.50 15.30